0002020101420201113     
 2020120103  2020120101 
 2020120201042020120202 
 2020120302052020120303 
 20201204            04 
 20201205               
 20201206               
 2020120706  2020120705 
 2020120807  2020120806 
 2020120908  2020120907 
 2020121009  2020121008 
 2020121110  2020121109 
 20201212               
 20201213               
 2020121411  20201214101
 2020121512  2020121511 
 2020121613  2020121612 
 2020121714  2020121713 
 2020121815  2020121814 
 2020121916  2020121915 
 20201220               
 2020122117  2020122116 
 2020122218  2020122217 
 20201223            18 
 20201224            19 
 20201225    2020122520 
 20201226               
 20201227               
 2020122899  2020122821 
 20201229               
 20201230               
 20201231               
9  0000000000000033     
